8466
9177
-71
3722
5607
-6394
-4300
-7023
-3621
-2678
6953
-5955
-7855
-2023
3147
-1416
6769
-3652
4497
-4632
9525
5651
2091
-7663
1077
-8158
3543
1521
-3433
-8874
-9056
5385
-2855
8020
-5670
-5474
5699
9989
884
-2075
1149
-4726
8237
-2860
-8259
7096
8904
-5383
5284
-691
-2080
-2815
-2330
-4089
-3398
6644
4539
661
-6278
-7142
-2834
7922
7080
1691
-7970
1641
-1207
1164
295
9818
-2003
5602
-4930
-1075
-4573
-8308
-1470
-7528
8123
8089
4957
6473
8658
-322
-1794
7013
7489
-8107
4936
-7071
-4915
-1220
-483
-9598
5216
8357
7805
2249
1945
-1975
-2763
-927
5464
-8262
-8735
-731
-83
647
3602
8314
3732
-169
1716
2
-1690
-4059
-2002
-6124
-2445
-6078
-2329
-7407
1064
9092
6575
6187
76
5108
-3299
-3072
6630
-3433
-7211
-6912
-2085
3805
9316
3352
-1792
-611
-6073
8530
633
8638
-7000
539
-2543
-9746
8352
-9100
-1090
-5201
-1056
87
-1708
9387
-4603
-3023
4368
7558
7960
-1251
2183
7064
5113
-1661
-4341
6189
-4689
5238
6449
-5581
-9461
8164
4241
-3107
-1733
-3866
7525
4569
-162
4496
-8486
4154
-5258
-9875
1231
-8958
-59
-308
-1389
-7098
-3742
-3075
8925
9306
-3109
-2266
-5777
8904
2905
3970
-1563
6875
-6754
839
8862
7461
9308
-6219
-2888
-9642
3239
-3729
-9470
22
8228
1636
-1006
-3861
-5283
-2363
-8765
-3766
8249
4275
9618
1035
982
-8189
6191
7548
6906
-6641
-3816
-4622
-7271
7751
5887
-4038
8476
-980
-971
1634
3397
5858
7966
2988
4494
-1047
-5445
-4846
-2097
-8730
-8243
-3289
6444
-7727
9997
1042
-973
-983
-3170
4494
3165
-5680
-1070
-8049
2474
7697
656
2203
-3553
6069
894
-9857
-3768
-7249
-8498
6937
7764
8884
6351
3097
-1553
-530
-8809
-586
-2349
-4026
8803
2646
5993
6922
8821
-8792
7574
-2964
4462
-6601
1187
7635
3407
-8245
2897
-9864
-7651
-7394
-7083
1412
-3321
870
907
-8803
-405
8447
9217
-4647
-8603
9443
6010
-2807
-1865
-9204
9420
2309
-310
-885
9723
7235
8098
2728
-6223
-4549
-1654
-5147
9761
-753
5509
-8712
-2929
-1168
-8146
-9046
317
3210
-5849
-6007
-9585
5304
8004
-1785
8535
-1116
711
1986
4927
2049
1556
-3657
-5616
-210
8583
-2408
4275
-1307
3564
-1807
7360
5933
-3954
1161
-928
-9883
6867
-7036
-5176
-6261
1633
3082
3181
-7300
3548
-193
1076
427
6311
855
4116
4594
-8764
933
9401
-8272
6820
1022
5613
8953
7747
-191
-7511
-9589
7384
5960
6119
-1634
-4692
-6585
5377
-8948
9393
-3615
-2945
6770
-9856
-7546
-2018
-102
-6106
3121
-8714
6172
2790
-2999
-1146
-8574
8080
8620
-5361
6543
9769
-4259
8491
-1646
-7513
3688
5495
8823
-8252
-2987
-6390
1358
5512
-3364
3339
9458
-1373
-7249
6931
9167
7743
3256
-1113
-3010
-7363
-3243
3919
5823
-4365
5454
-149
7379
-2128
-2042
-7627
4418
5515
-1868
-9271
-3069
-5815
5312
-945
9229
6272
9767
-3889
9260
-4323
-7907
-824
-5609
-8955
-2117
3429
7828
1172
7111
-7338
6830
7038
-7227
-2717
9883
-8600
8571
5888
6223
1792
9287
3433
-2700
9017
1278
-6998
3213
6186
8768
9020
5627
-5605
5506
-3258
3265
9554
6617
4361
9212
7624
-7208
-9571
-700
-3546
3869
-5899
6225
-5451
-414
6123
-7349
9373
7405
-2832
-9115
-4978
3444
7627
-2860
9574
-8495
2717
2048
9295
-761
1744
-5176
-8718
4557
7356
-3909
-3919
9246
-9071
8004
8648
-230
1544
-4236
-7792
-9609
4704
8479
6144
-6507
9050
1426
6017
-3127
5847
8414
484
-1451
2740
1846
4971
2645
1805
-6786
-7580
-5865
251
2462
49
8902
4687
4393
6079
6064
1532
9979
3572
4710
4169
7005
-3180
-4884
-8215
7355
-513
-5872
-8304
447
-835
-3326
2904
6441
9262
1329
-4173
2089
7412
4401
-2507
-1077
-8359
-5283
-1286
-2378
-3217
-9351
-6381
2264
-8538
-8286
3795
5420
-676
1932
-5442
-7718
8742
-6738
5040
7125
1508
3818
-999
7250
-3094
-1974
2147
-4524
-5328
-3064
-7660
4217
2120
-7144
-2120
5116
7333
3060
-3155
-8934
8787
2279
-8074
-5537
4800
1041
-8145
3079
1561
-3395
523
5898
2376
6125
-8180
5857
-3524
-4608
561
-5207
5550
6029
-8084
3601
5020
7881
-4055
6906
-122
4669
6696
-7958
-4730
5286
5471
-9533
1031
6811
-8023
-6094
6911
-8139
-7511
3925
5117
1774
-7731
-2348
9827
-3660
-554
-419
916
905
-6976
-8636
1635
-51
4240
-8659
2130
-2953
6489
1147
-330
-6373
-3045
6076
8889
-4920
7269
7730
-5856
-6581
2189
2498
-2624
-4362
8790
-9611
9886
479
-4230
919
-465
-5500
2839
9223
4620
7355
6208
-5347
1351
-7734
-8185
-6682
9491
8564
-1597
1704
-1085
-7753
2419
4048
-244
-8697
1680
-5793
7950
-3886
-4704
4519
9172
695
-9831
-9549
-2232
-3476
-677
-3269
-9076
-8124
2786
-6432
-7802
6113
-539
9094
3009
-8894
-7337
3411
-9082
8314
-2270
-857
-9327
-9265
-5795
-1174
243
-3614
8461
-2843
-659
725
-676
4291
-8363
-6415
-2180
-8592
5900
-6573
-4764
2829
-4055
-7242
-4283
-2689
5891
4215
-4633
-5777
-8515
-2944
-1907
-9436
7548
-8343
9088
6709
-7930
-6444
-3068
1086
-469
6050
-2318
2311
6428
-9459
8
-326
-5543
6495
49
2198
9861
-1428
-9480
-1800
6386
6265
4839
-3408
-8181
2518
-7568
7994
5010
126
6315
2903
-7119
-6185
3959
7665
-3031
-6641
583
3725
3790
1509
6860
1765
5501
6409
-1227
1947
-1806
5386
-2059
-5615
-1182
1286
4587
-7854
5399
7870
2411
-5788
-8493
6467
-3436
-6249
-4841
-750
-6507
-8106
-2438
-5286
582
3813
-6129
1743
-7216
1566
5317
-3243
7421
-3750
3785
-5203
-4691
7232
1422
-4704
2172
8508
4613
-1151
-6834
713
-8853
-3017
-6629
8797
-5207
2767
7294
-2270
-5055
-807
-1516
-672
3465
6530
-9708
2592
9016
-9278
-729
-1383
9050
9078
3065
-8964
-5817
3148
2643
-7217
4228
3125
1101
4238
-6920
-7799
-3395
9016
7866
6584
-3656
-16
-6780
2920
-4395
-8545
-2975
3784
475
1204
1837
6381
-7835
8630
7798
487
-7137
2348
8640
-180
2898
6695
-4146
-5047
-3138
5073
9389
7059
-822
3207
-2349
854
4265
-8117
-9975
7839
-5663
2273
-707
1122
-8919
434
-1547
-7491
9233
-4690
-6351
-1781
8688
9184
4272
3978
6831
8250
4401
-9944
-9316
-1090
7084
3779
1239
-5920
-6844
3403
9773
1995
8356
9753
-2438
-8848
9010
-9095
9975
2628
-2886
-2560
127
8033
4006
7228
-2211
-4079
-3821
-6423
-8027
-8710
2454
7389
-4427
8321
-5375
-3670
-9667
5687
1604
-932
6945
-1720
2741
-3651
4675
-3358
3084
-2454
-937
-7243
9532
5018
5954
7160
-6361
6844
1238
6844
3304
8417
-3034
9239
2990
5124
-552
-4335
-8392
-9306
-1123
-6094
6280
4170
3480
-9963
4805
8027
-9755
-4516
3510
9794
3434
4873
-8579
-1105
3575
3176
2018
-4507
-8791
-251
-6612
-5740
350
5484
-5906
9615
3428
5386
7318
4858
-3696
8779
5188
4290
6765
7469
-1819
6672
5732
-690
-1836
6671
8006
-293
7945
515
8822
3938
6896
-8645
3039
8903
9417
-8527
-7899
-1075
4834
-1548
-6512
-5128
-1267
-9697
-6168
-4441
-5502
1351
3209
-6213
3211
-2227
-4760
1426
1204
4028
-7847
1811
-5835
6704
-5405
-8886
3542
-8572
-7787
-6338
8698
8770
-4751
9427
2565
-8423
-5516
312
-8946
-6116
-2944
-6373
-3418
-6960
3639
-5336
-7187
7156
2631
9549
9355
6393
5989
-7292
9152
5062
-9351
4877
7800
-9820
2914
1284
-5091
5013
-8900
1047
9269
6450
4934
316
3424
-6260
-7032
432
3491
960
3574
-3151
-985
4759
3574
-3447
-2775
-3975
-6844
7769
-3366
-3727
-6137
370
8295
2603
-7320
-246
3745
-9794
3810
-8742
154
-5635
-8815
-7987
-8479
8345
-4620
2901
7491
6034
-1286
-7106
-9102
-9089
2812
7704
4986
4182
7018
-1470
4465
-7469
2282
3079
-4581
8418
-7075
-8699
1921
8712
-4277
-2309
-3994
6128
4703
-7951
-6736
9127
-9015
-2622
7348
8371
9901
-8861
9471
-1512
1982
-8935
-1547
9357
-8245
4706
-897
-5394
-8025
6598
198
7296
-581
8636
-3431
5677
1694
3961
-6467
-8849
-3011
7286
6091
-625
-7051
6269
5640
4306
6400
3548
-8901
2466
-1879
-7265
5662
-6202
1336
6488
2716
-3939
7185
1873
1897
4690
-7954
2026
-8696
-8964
305
-8530
726
1526
485
-125
2569
-599
-758
-4701
1718
-8345
9787
-6818
-4036
4507
-4528
6210
8806
554
-8642
-3997
-3749
-1287
-3719
-4647
3160
7192
-6144
-9409
-6353
-5481
-7811
4242
-5369
-810
5750
-1090
2357
1958
2729
9360
4773
-6930
-8652
6266
4301
-7811
8852
7227
-426
-7791
7274
9467
361
7649
-7632
8022
-4831
4305
-6888
-2655
5601
4291
7737
-6104
1018
-8172
-8881
4621
-291
-4175
-7850
1377
-2775
-6240
-4100
-3169
-3178
1843
9854
1015
1177
-5347
-5813
2970
-1566
-4025
5415
8009
3645
5447
-7263
5579
1208
6834
6449
1173
111
-1085
1362
4039
-4010
5676
4732
949
-8391
7254
-5654
8286
-3066
8475
7386
-9991
5756
-925
2024
-8198
-5510
-7038
6312
-711
-2087
1688
1898
-9390
8904
-4223
9024
9583
-1738
-7422
-6416
7515
-7656
-1235
-2733
-2714
-5154
-3212
2902
-727
-1979
-1941
-9818
-3932
8258
1838
-1114
9683
-2299
9512
-1566
-2191
5781
-8960
-5102
5371
6708
8369
-6991
-4412
18
7411
-7899
4592
3731
5654
-2435
6315
-1361
2272
4928
8945
5016
4275
-8026
4675
-5343
226
6262
-3825
3265
-9538
7281
6757
2353
-9560
9758
2241
3941
-3071
1787
-1625
793
-2609
427
7225
-4985
-525
1697
-2091
-9121
-5987
5667
-3842
4842
951
3857
-2761
5448
1576
-4177
-5044
6587
8191
-812
-8289
5823
-3365
5801
3973
-4735
-6190
-1850
-531
-5708
-5447
5051
-3273
2894
9465
-4170
8
-3665
2150
7480
-9231
-6911
8566
-3379
-5533
2128
-6377
2865
2962
-1796
-1027
-4971
8815
3028
-4341
7187
5950
9778
-4222
7157
9170
-3841
903
-3721
3462
6599
7656
-6911
62
4146
8834
2798
7193
9094
-5341
5560
5976
-8698
5895
-3146
-2601
-5556
-2806
9118
-9136
924
691
-3120
9358
827
-357
1268
-7922
7106
9207
4206
-81
-7219
-5278
5185
-576
-2066
-7962
-3105
-1395
-6047
4071
2602
-1367
2087
9934
3385
-6032
5761
19
-4143
-3048
6439
1311
-2805
9601
3669
7438
-471
-7334
9949
-9300
-7511
7327
9595
-7015
-6944
643
9376
-4164
2804
1699
6641
-4330
-9546
-7926
-1179
-202
4879
1478
760
-1480
1280
-1884
3974
-670
5698
2704
-6019
8263
1536
5887
-5473
-947
6947
1477
-1671
1172
334
-4051
7656
3121
5860
-7006
7411
-2040
-8815
2925
-8
9582
5803
-7427
3959
6383
-1959
7101
565
-3507
-1078
-2333
-462
-4917
-8347
1283
-3184
-7235
2687
-7799
-7694
8770
6466
6015
-805
-3127
-2871
6320
-7882
-7105
4745
-3380
9328
-390
-8525
2013
7817
-3361
3138
-8894
4355
8847
-2489
2499
-2619
-6517
5154
-8806
-1825
5828
7949
-1728
7866
-9978
4773
-7246
8536
-5070
-2619
-6351
1866
634
-9013
-6810
-7180
-3943
-1518
502
-9380
-2539
-8277
5189
2100
3774
9514
6219
1740
-6382
-3385
-1854
-444
6095
-8015
2634
-3613
-71
-2958
-1558
8717
-6845
-6954
5147
-4859
-5366
7061
71
4423
-4195
-3917
-3152
-5073
4157
-7785
6659
-1231
-5843
-4432
804
-6372
-7337
2664
7846
3012
9589
-4485
-3286
909
-5250
3669
-4637
4805
1027
6578
-5069
6645
-3949
9877
-7222
-2904
3927
1390
2693
-8135
-1916
5152
6332
-8091
7622
7923
-5954
-3420
5899
-1227
8263
-3544
7102
-6615
4059
9892
-7408
3499
5103
-6099
-4647
-7811
-9375
2982
5969
-3479
-6738
-1454
-2109
-5108
4217
-8712
5101
153
2467
-8114
5429
-4498
-7446
6269
-4385
7532
-7538
4357
-2190
-9318
7043
1354
-4246
-9716
2592
2432
6451
3311
-4203
5316
6295
7462
-9269
8548
-9703
-7085
-6321
-7881
5311
-6859
-9697
-1592
1911
-181
6268
6965
205
6468
340
3019
6665
-5057
5668
2838
-6996
-482
-7613
6670
-3201
3252
615
1698
4209
-4333
4800
2113
2883
-8410
-4678
-6674
3227
755
7627
-7719
-4757
192
9064
1000
617
-1827
4901
4386
3819
-7682
9149
2465
2559
-9415
7812
8163
3065
-3609
-5284
1599
3110
9979
-7379
-7774
9506
7978
-5653
-4691
6290
-4046
4827
-9485
-5649
-8512
-4830
6311
-6308
5231
2465
-6434
-3043
292
-4176
7201
6849
-3292
-4121
-6492
4915
-9025
9251
4358
-7599
-8080
-4333
-7509
-4809
-9011
-3737
-8550
-313
-6651
9277
5425
-4891
-8424
2368
3507
-6328
-9592
-7763
2672
3005
-2225
-9034
-2306
-3010
-1460
-711
1096
9842
3333
6772
6856
-312
4938
-5665
91
7569
4956
1551
-5879
-2320
-1257
7819
4444
1170
289
7452
2455
8101
-6740
-7113
-4964
-3772
-1763
110
1953
3253
6831
217
62
-3710
-8258
958
7792
3929
-7009
-4342
7514
-8702
-6926
-1007
-4203
-4601
2511
-3516
3868
-2213
6064
3067
-1315
-1503
-55
1531
7218
-9425
2328
-6971
-965
8093
-4146
404
-5409
2090
8996
-2659
-8858
7794
-5068
-1920
1175
-7802
3318
1761
6162
-8866
1768
1616
-7903
263
3200
4249
-9759
-5910
-7824
-9440
-9881
461
-3
2448
-7594
596
-8436
-6812
8562
3141
-8651
6505
-1389
3278
-3937
-1248
-4158
-1969
-1042
2369
-6214
2328
-1559
4635
-1640
5787
1219
-3672
8762
4167
7146
4764
-4703
9105
-5227
4002
5718
-8768
4383
4976
-1350
6354
9712
-5262
-9290
1112
-7597
-8494
-332
-3168
-1570
5365
-1367
2917
5883
-6556
-7198
-1831
7721
-5490
589
-2303
8127
-42
-80
9192
-1539
-1263
-5899
-239
5832
-7171
-158
6149
-3263
4922
-7375
9713
5068
-1965
-3599
-6147
-9127
9418
5283
-5678
-5846
6703
-9234
3158
-9260
4840
8754
-6946
-3893
-486
6228
8986
-1150
3406
-5913
-5618
5885
7026
-1841
1366
-3754
-9410
9691
-1613
-7578
3538
-7879
-5999
-8700
-1757
6597
4340
2090
-4876
6629
-566
5669
4085
878
8282
-4361
4290
5258
7023
-4540
-8903
3443
923
-312
3112
95
-7552
-2184
5809
-7171
596
2789
-1257
-4066
8100
2354
-6820
9350
-5466
-8601
-4870
6365
6773
-5469
8628
2465
-8376
-2743
-9512
-2426
-5509
2549
3273
7237
386
-7504
-8990
-1996
-8599
4480
4371
-5639
4268
8584
996
2790
3558
-2853
175
358
3030
-5738
-9958
4803
5113
787
5063
1170
6447
2765
7589
-7977
-4874
-5042
7630
2452
-8573
798
2580
-1828
-7920
-3152
-7578
-5666
-6772
-1012
2889
5415
-7764
5654
9919
7830
-2032
3250
-4533
3062
-8223
252
8292
-9408
9129
5342
3142
6925
-7074
-4032
9834
3065
-391
-87
5376
5341
1131
9584
3100
-5539
-9672
2150
2376
8663
-314
7283
-3886
-4921
8534
-6781
-8787
-1624
3075
-1261
-5890
8573
-4476
2182
1540
7976
-2278
-9726
9173
-5410
-6676
-3155
-8384
7059
4820
-8096
-5236
3480
2495
-5015
-501
7308
-8502
-7870
7021
-2029
-8789
-6762
8299
-5180
5000
915
-7424
7087
-8176
1940
-1270
-6225
-5576
1936
1269
7243
5423
7882
7204
-8247
-8154
-5413
7839
5587
-8620
990
-5977
-4464
-9563
-5049
7373
7563
-4603
8689
7992
-8409
9707
5530
3932
8518
-2399
5140
-9775
-8150
6492
4310
9441
-9587
-4920
-391
6823
-7499
8887
2445
9691
8011
1185
5888
-7777
-1413
-8100
-1355
7503
8864
-1288
-1997
-8785
8811
2369
8961
2856
-1193
572
-5340
6925
-2760
1478
-9463
463
-5876
-826
6360
-9830
-7732
3074
9297
7960
9219
4975
-7709
-1992
2894
5704
7135
5849
-7787
4385
8228
-4861
-1349
-7207
9296
-6164
3140
-5259
3989
2272
-9997
2232
-7765
3820
819
8748
6030
7176
-2107
7752
2304
2406
-220
-7005
7192
-6185
-8274
6596
3475
-6812
3130
8684
3344
442
-9893
7971
-7709
-6538
-3932
-3901
9784
-6185
3936
-8004
2306
1457
-7596
-1991
-513
-280
-4915
5206
1450
3326
-9536
962
-3900
-6029
-1051
2541
-714
-9952
-543
-4732
-6306
6793
-7765
3657
5613
-4348
-6475
485
2844
-236
-2849
5555
3051
8432
6529
-3255
-3565
5684
-235
7974
-215
8342
1505
2488
9770
7842
-4353
-2155
-2489
-9792
-7395
8559
-6302
1753
3553
-7093
4116
9011
-5235
-3399
3330
-9161
5462
3052
5003
4928
-7649
8031
3920
6950
-4287
5086
-1390
-5604
3714
9321
-9498
1830
-627
6184
4682
5452
-446
-42
-5071
1433
7918
4983
-3557
5438
-8751
-5129
-6235
807
-2983
3173
-7424
8754
7917
5835
2298
8278
-2137
2021
4406
-6656
-2227
2868
-9216
-5340
-2410
6860
7319
3082
6599
9100
-7105
-6465
-1874
-5291
-7444
-464
9242
-6016
-7072
-3909
5502
1170
-3571
5566
9327
5635
-6174
-6821
-7018
832
-3169
692
-4077
-9556
9525
3436
1664
-3395
3064
5642
-8749
-322
-9481
-4189
-4554
1667
2424
3731
4783
5566
9926
-3421
4763
7199
-8376
-181
-8726
-8589
3897
4143
5281
6173
-8702
2980
-2587
9675
8279
3584
-7082
-7548
9329
-969
1163
-7114
-1437
9102
7554
7074
-4439
8678
5417
-7074
-2691
4216
-3367
1428
7303
6450
-1636
-8321
6321
-9887
9281
-6497
1927
-6864
-6092
1512
3269
1436
8123
2241
-7394
8988
-73
-3088
7870
8113
8141
-6183
7468
1802
-6110
8790
-8013
-1696
6181
9269
8767
-1731
7797
8366
3179
567
-8622
-7020
2290
-3785
9380
-8509
3387
703
-8841
5026
-1103
-8836
8700
-6616
-1858
9101
3745
9194
2499
1700
428
1535
6620
8184
395
936
7713
-7794
6023
5644
3145
9334
9728
-5063
8137
-2435
-2182
1620
2675
-7561
9668
-1139
-9459
2677
-4401
1365
5524
-455
-2760
-732
9560
1227
1333
-1780
-5557
9034
1526
-4085
-2050
8720
-7100
9502
-1887
-5788
6943
1128
5050
-5559
6890
4538
4415
491
-9713
7292
6925
-8666
8014
-8064
-3052
-4744
9200
-7755
-600
3962
-5528
-4687
-7220
109
-857
-512
-6757
-3811
-2420
-7362
1390
-6780
-8052
-7405
-3906
-6166
-6355
-1287
-8061
-1470
-3145
1151
1072
6114
9028
-2618
-5400
-8882
-4050
-2447
6959
-9496
9018
-7665
5373
-6093
7479
-3699
171
7987
-7648
-3637
-2537
-7608
-9566
2657
-3743
-5327
7136
-7689
-7759
-9631
-4241
-348
2258
962
5155
3417
5325
4022
-6547
5929
-830
-6034
-1373
-9534
7208
-2231
-5464
-172
-7371
7996
2665
-8020
-8921
7384
4587
-9469
8529
1831
9816
5608
7030
-3012
-7171
-3176
6298
-5485
4055
9177
2998
1766
-6210
-4482
2557
-1118
1920
-990
1910
-5735
4182
8905
-7711
-5115
4457
5351
6039
7489
-5420
9156
-8759
3956
-9799
1633
-2870
-3969
-1106
-2154
8468
-3146
-2151
-3425
3783
8575
5762
1935
-1635
4279
-2248
-6774
1807
-4294
-1029
-7018
2794
-7553
3778
5323
-6536
-229
1737
-3718
499
3571
-7890
-2041
-6344
5916
3449
4305
1136
4639
6482
7957
-2017
-3900
9369
6004
2039
-3092
7321
-9790
-3506
-1789
8882
6150
-2058
4688
-893
-4800
8927
8139
7882
6336
9339
8299
-9049
-3400
-2828
-5439
1082
4493
-1129
9494
5915
-5706
7148
4883
-149
-3296
-1737
49
1759
4793
9726
-9545
-8255
-6529
8013
8118
6671
5319
2834
630
-6217
-7326
-8681
4112
8778
8465
9292
-7467
3723
-9279
216
7390
-7775
3486
-8625
5208
-3919
7523
8816
-5562
9930
-3757
967
-1091
1337
7524
-3281
-2330
6947
-9063
-2964
4554
913
-6476
7877
2876
-6772
-9930
-1558
8450
2001
3300
546
2070
-3386
1835
3610
8203
-2136
-2607
9424
-2616
6337
-6406
3104
3252
5886
492
4170
-4762
4505
-3568
7471
4258
-8562
1918
9305
-413
-5508
734
2268
-1375
3976
-5651
-6619
-3152
-261
-5547
-5629
-6554
8175
-4581
7769
-4244
-7724
5365
-243
-6261
-4907
-2899
-5956
1985
3069
8973
7062
6964
-1082
1566
3937
-8807
-5670
3337
-7847
-3558
8811
-8575
2851
-9769
6817
-1268
-188
-7765
4986
-6849
6081
2336
1308
1373
-6375
-2373
-1185
-5584
-6920
6515
-6598
1965
9790
-5469
-4568
-891
-1004
1948
9927
5331
9918
799
6600
-3439
5555
-7350
8614
-5143
-2772
-18
-2382
9645
-7771
3841
7150
8858
2608
5933
1138
-5811
-7410
5978
170
-2823
-2094
1557
2350
2971
-948
-673
4796
185
-2788
-3280
-3803
-7723
-6310
9621
-5337
-2204
-2594
-4520
-5080
4623
5782
7416
-394
3617
-6171
-6675
-2599
-4560
9898
5308
8127
1611
8538
6788
5508
1254
4312
-6618
-2742
2902
-7348
-6263
-8825
-4018
-4704
8452
-5203
-9190
4021
-8978
-6294
1070
-6299
4084
631
9931
7688
7439
-6554
5068
1382
-969
3228
-944
-2194
-1959
9678
-4475
-2823
7471
-1886
6489
5822
-809
1380
7513
4110
8535
-9697
3913
-1391
-819
4165
4541
-732
-1194
6905
-8226
1262
-7377
930
8491
757
7228
4559
4341
1170
-3847
-9975
-6578
1350
-8674
3807
6756
3889
3405
-7919
-7351
-4174
-2984
1069
-2804
-6580
9576
6530
6853
6641
-6654
8748
-3280
-402
8989
-9788
4505
2881
-433
758
8341
8565
-8283
89
4848
3560
9818
-3051
-1856
-3464
2510
6208
3262
-7655
-8350
-7371
-6194
-8673
5447
-6119
2509
4341
-2925
-7286
-5593
-7671
-3399
-4242
494
2432
-6014
9046
-2886
-2784
-3096
-7232
-3118
-1623
-197
3284
-436
7914
-970
511
-4562
8023
2263
-5059
1614
156
4240
-6593
9749
-128
-2000
4075
6110
7994
0
7298
-7711
5957
6479
3003
-487
-9132
3012
-5994
4820
4556
5502
-8807
-2649
-6343
-4646
-7626
2910
1324
4
9924
-5697
-7625
9855
-7392
-6206
6914
2911
4895
482
-3634
8482
8813
-7275
3927
-7606
2785
9428
9407
-5492
6977
-465
4946
2198
-34
-4657
-6459
-8027
8697
-7255
2336
7873
6789
-597
-9102
-5065
450
-7556
-2021
-8562
8123
6944
7969
4204
-3526
-5486
-444
9024
-5228
3697
-2344
7040
6839
7623
2576
-8260
6823
922
-2574
9710
240
-631
3428
-6395
-9273
-8685
-6821
9255
-4737
6472
8366
-5889
4560
-5679
-6382
-2683
2038
-7332
1904
-5594
7282
3962
-7520
3636
1326
3256
4533
-556
9336
-9167
674
2261
-1901
8678
1818
9353
-649
-2876
-374
3916
7426
737
-5347
3289
-1972
7472
1214
3692
5573
-3390
5138
-241
-5244
-9501
-5945
1224
-1248
8291
3432
3144
8514
-3469
-7412
4340
6989
-7732
6250
-9399
971
-2915
-4276
-5091
-4715
7298
4760
-3878
-905
-7471
-7311
-5194
-2059
-1673
6203
3306
-1000
-595
7989
7347
7743
-8388
7032
-9855
9098
1323
-597
-83
-7430
-1047
-6783
3590
-9633
9939
2369
-4119
1061
5499
-1124
-3967
-1507
5899
5885
7811
4133
-7868
-7512
7277
2491
-9954
-587
4211
6112
781
4084
-1513
4295
-2890
7090
1674
3821
1144
-6157
2131
2155
5660
-8302
7129
-3190
9465
-162
-9165
2895
-9726
2854
-4730
1105
-6013
303
8863
5600
-2622
3439
4099
1255
8332
-6767
9549
8850
-4118
2608
5922
6100
2865
7877
9809
8406
5156
-1460
-949
-4914
6311
2855
-2385
-2523
6026
-2615
-6961
5423
1651
-1252
720
-5709
8310
3290
-3422
-8081
-9515
6860
8155
5113
684
1788
-8004
-3059
-4287
-9636
-6644
8039
-7928
-8584
4508
1730
-99
5372
-9531
-8553
3591
989
9699
-8721
6116
368
6626
-3060
2667
-7862
4682
-5316
4500
-415
6202
-5613
-160
-3463
1237
3630
-2196
-6960
1808
1266
9354
1658
3681
3546
530
8337
7822
-934
-8526
-8294
-2092
2215
3176
-8058
4174
1598
-6816
-4014
2097
-8136
-2876
-513
-2916
-3288
-7136
719
9561
-8148
1002
4232
-8625
-7721
6689
782
-8270
2696
-8023
8941
3466
6091
2324
-3847
-9794
-1945
-2382
-5344
2561
3123
3161
6796
2728
-5771
-6078
9514
-4613
5947
4712
-8022
4923
-3427
2968
3282
1110
-1831
7843
658
6481
-1999
-5954
7381
6608
-3359
-3646
-2912
3179
747
8078
-6328
7571
-3575
7924
-6695
777
-3315
-2766
1977
7656
1218
8738
-6867
-7828
8467
2881
-3267
-6839
-3707
-8854
-802
-2303
-6161
-2102
2165
9185
-4860
9057
7082
4895
-8654
-6036
5688
-5070
1525
-3222
-3445
3971
386
6579
-8360
-5311
5930
1183
-1292
-7566
2810
-6049
7685
7008
-8551
-2248
536
6127
4567
-4046
-3861
-8049
4430
-5299
-9435
-2629
-7146
6955
9878
9691
-3098
-8270
-7975
7859
2823
-5562
-5492
2150
299
9083
9495
-6161
-9216
6093
-1633
-3243
7933
-7943
6074
-9830
5756
1139
-8890
-9200
4671
7555
-6691
5974
-5031
1015
8342
8818
1816
-5086
-6173
8609
2869
-3479
9617
3720
-6419
-1165
7406
-1301
-6636
1033
-9784
6848
2088
6275
-2420
-6581
3429
-9942
5652
-8584
8509
-1706
6403
1169
3521
-5668
-8971
-6279
2895
-2203
7244
6103
-5592
-4179
9234
-9566
2449
-1136
-134
-4842
5193
5004
1884
4859
1816
5842
-2012
-4402
1029
7902
-8515
-7289
8223
8928
495
6522
4183
6075
-5546
-904
-4167
5528
5813
9280
-3858
-3974
1209
6774
-163
-3534
-9265
-1344
4839
-5089
-7742
-9117
-2976
-778
-7944
-6327
-2434
2352
-8508
4377
-950
-1891
2874
-7255
6974
-4893
1041
-8256
2380
-1463
6849
1932
-9982
-9882
85
1259
7549
4428
3331
2629
-9493
6555
704
121
5767
4794
9947
4716
-1696
3267
-3064
8752
4611
8330
-2646
-159
-18
-9444
-8325
767
-589
-6424
-2634
-4229
-3580
-1973
8705
-217
5740
7222
-6303
7164
7802
9765
-867
44
2114
-9184
-6613
8185
-7914
7793
-147
-461
2370
8229
-9008
9931
2053
-9074
-404
-761
8469
9164
2949
8242
912
-6647
8108
-3642
-9315
6827
3271
-3942
-6869
-6150
-1450
9020
-5951
-5541
-5075
-5162
-7584
8614
7895
-879
-7176
-7120
3145
-8979
3283
-3480
-3548
7102
-5445
2142
456
8598
-917
-7257
8118
-1138
-5758
3622
4735
-5515
-358
-9821
-574
-6251
-6757
-8344
-4299
-3606
-4573
7325
-8967
6770
9789
-856
-6817
6967
5117
-3782
-3878
6785
2595
-7807
1007
-8397
-2732
-3635
-6666
938
-4814
4530
-6901
1208
-7707
-1263
1909
-2891
-1246
2666
-2229
3946
-4123
4480
-4971
-9723
3917
-5772
8818
-5097
3603
-1760
9989
6265
8262
4093
9072
5389
4789
-4595
-924
4317
-6430
-1493
5980
5418
7453
4768
-3248
-5812
-4797
6460
-1693
-4704
-2333
-6179
2222
2477
8424
866
5151
7711
5680
1365
-6875
-9526
4587
-93
-8375
-2021
-4394
2896
1509
-9642
6257
-8622
-408
-3956
8857
-3437
-7714
6942
2737
-175
4931
8792
171
2104
8857
9007
1715
-399
5225
8684
-7591
-4726
6808
-3422
600
9560
-8099
-3960
-8848
5331
9443
-4330
3952
-7912
-4021
-9476
-9832
-7456
4543
-2404
-49
1033
9390
-1499
5723
-4672
2418
5603
8415
-8946
-2656
4944
8407
1730
453
-1545
5510
7503
-7349
1981
-9528
1142
-6243
3323
6823
-5539
-4234
6296
4331
214
-254
4751
7796
-5120
8640
7158
7561
6625
-9065
7086
4896
-511
6247
-459
-6324
1379
-7536
686
5677
5504
-8698
1969
-3295
1973
-9939
1173
-1792
-4729
-9515
904
2879
722
657
-8182
4128
-5122
19
81
4682
-7735
-9588
-2764
-2464
-9626
7556
-7592
-6300
-8517
9253
3230
-3611
1947
-4453
6429
8952
6877
-5882
-6842
-9704
-710
2867
-3232
465
-5701
-2002
9435
9298
1129
8808
5589
8387
5619
6289
-8786
-6652
442
-3826
4247
2589
995
-6603
-3806
8398
-9052
-3854
4028
3753
-2150
-5764
-3763
-7682
216
-8739
-6852
7029
-2929
-6460
4668
-4434
-7658
5171
-5912
-8032
3647
-1844
4111
1788
-8446
-543
2935
6621
8100
4349
-2090
-5248
5937
4724
7317
9538
1518
6637
6806
823
-1226
-5207
-8626
3750
3847
8477
3918
-233
6649
-1910
8992
-2898
-8716
8394
5654
4461
1712
668
-3577
5826
-5334
-4405
9957
-1628
9052
-8306
4484
1786
1034
-8752
-7089
-3735
8176
-2783
7944
2560
4298
-2772
-1346
-6727
7847
-6968
1396
-2097
-6960
3050
4156
1443
9322
7386
-1635
-4047
-8454
7216
6022
-7808
-2803
-7463
7448
2499
8888
-1930
4614
-3686
2113
4959
-7634
6848
-2598
-2506
8841
4728
-7104
-496
-8733
-2814
-5592
-4232
-7576
1560
1223
-7441
-706
-7226
3039
-7204
3410
-8918
-6831
633
7806
-4143
-1043
6955
-1232
-626
-6627
2311
9159
1613
-9542
-4574
-2461
7657
-2949
-4101
-7902
404
4357
5399
5677
852
-7229
8953
9030
-7411
1168
-4000
-3628
-7633
3008
-4364
-9465
-650
-4736
-3124
-7323
-5121
5096
1455
1577
-4629
-8999
-1069
-9924
1969
-1769
-8111
-4061
5185
-6975
5724
7730
7164
5392
7828
-9469
9945
8965
-905
-3416
-2709
1837
-9453
2275
9843
-2219
3781
7483
-3439
1068
-7340
-3137
-9649
-1848
7499
9120
-8282
9451
8168
4379
-5961
1713
7247
-5407
3002
5933
678
-3423
3066
9639
7659
4782
2857
543
-542
-4686
-9198
6308
5941
-135
8579
-9806
-8839
-5166
5749
8672
-3713
6139
-4305
-6543
-7396
6185
8750
-7889
-5204
9159
-4368
7952
2199
5827
5025
-4060
-8481
-1072
8530
-6918
8880
-6251
1718
2946
-539
-5147
-7653
-436
-45
9286
8699
-8269
7575
-5431
2581
6356
2649
7580
-3694
-960
-7948
-9458
4619
4531
-9061
-2442
-7943
8735
-2545
9143
-8537
-2073
-561
5066
-1230
9035
6341
7627
-2750
5914
999
2155
8355
-1770
-465
-3728
-9870
-5078
-2683
-3118
-6445
3308
-7758
8999
3395
-9982
1755
1221
-2282
2117
3624
-3974
-1067
-8446
-1805
1410
8371
4723
3246
-1029
-9308
5984
-8225
8663
-9453
5453
2778
-7204
-9283
1040
47
2609
-4424
5887
-9067
3143
369
-5517
-7590
9331
-5978
-11
-3928
3276
9417
8969
423
-7176
2730
-1600
-4242
6775
2613
-9862
-6877
7018
-3971
643
-8676
565
-3152
6576
8918
7760
3184
7803
8474
-6830
3274
5072
-7860
-3158
-8997
2454
2622
-3144
8052
-1101
-9967
1094
6509
1409
2104
-5518
-5027
5834
8512
-8428
-8152
-134
7047
-3131
-9523
-4314
5928
3254
3047
6295
1196
7564
7086
7006
4674
4380
5770
-9193
9965
757
-1540
666
4432
4022
-3823
-7165
-8993
3362
-5053
-7453
4184
-1590
-7677
-7711
272
7710
-2271
5832
-4817
5611
2223
-6111
-2272
9996
1177
5575
-7340
149
5186
-2168
4947
9014
2258
8155
-9893
-5545
-8518
-2631
-3715
-4183
7113
-7049
-5543
896
3671
3370
320
1858
5569
-6899
4034
4982
3865
-1180
7711
6677
3976
-6248
3072
3043
7064
1311
7373
-8708
-6754
-2579
-6425
2757
8115
9141
-8000
-276
-1765
3806
3324
2053
-1452
-2430
2826
6029
-737
7914
-5533
1893
143
-511
-3238
136
8175
4714
-161
-3589
-4821
4999
-9091
5834
-4195
-3046
807
-5735
-7327
-400
1529
-9666
-4557
-8761
-2296
-7954
3052
3318
-7854
9191
8477
5443
-1302
-3401
-7588
-1512
-1639
9459
-6152
4212
-4188
3872
-7758
9564
-395
-7101
8777
-2584
-8095
-133
-7336
3798
-4875
-745
3459
-9574
3565
942
-7472
88
-9031
2782
1677
961
-423
-8239
9523
-3907
-903
-9884
6606
6815
-5846
5792
4623
-2304
-9246
-4464
-5034
-2003
1794
-6522
-2370
7562
-9224
-5502
395
-1988
4131
-4639
2654
-2906
2972
2227
-956
-4755
9320
-9068
7001
3642
3605
-2809
2381
-9188
4150
-8376
-277
9353
-7738
5885
3715
-1324
4077
5372
-9557
6429
-1856
3117
2150
6003
7897
615
-2110
-5216
736
-3475
-3084
7537
-7354
366
8844
8373
7480
-2858
-5038
6931
2600
4012
1237
-3483
1864
6220
5825
-6192
-9350
5994
-8201
8366
-6417
-5092
-878
-4226
4280
2632
837
-6804
385
2406
-4073
1263
4092
7046
1817
4056
-5063
-9830
-8855
3402
2341
-5055
-508
-6093
-9475
537
-4170
8466
9127
5290
5138
-349
-2502
7992
-5668
1593
8256
-3146
-9554
-7461
4401
-8674
-3609
-471
-1287
-9831
-5925
-7036
3952
-6184
-9956
-8184
2429
-6462
-1939
-8384
596
9161
7457
-9192
-3197
8093
9910
-3445
1497
-1372
-3828
2412
-3105
-6335
-3421
-4028
6550
3346
-829
5104
2019
-4246
-9286
-9536
6894
-4897
-5532
6005
-3924
2343
-9421
5981
4637
-656
-6151
2878
4985
6245
-5199
2226
4504
-479
5346
-9633
-3131
-9304
2773
-4856
4267
-4172
1212
2205
3877
-3109
-9001
7560
-4250
9902
1140
-4752
1159
-8672
1522
5205
2234
-8557
7509
-6873
8946
820
-258
-3474
2953
1899
-6940
-8926
-285
-3640
8569
-3567
-2631
-3593
-675
-2439
8425
9484
4682
-7307
-7735
7374
-2568
3236
157
4935
1453
-4794
8522
7430
-1104
9470
-4
8822
9434
-2972
-684
-2658
-2403
2975
9470
-2489
2067
-8902
5009
9825
-3871
-7748
9237
9847
-5138
1201
-9199
-5295
-8776
4768
1430
-5934
9571
2761
5248
-3512
6051
-5470
-5973
4914
923
-4191
5302
8575
4500
9976
9741
5852
4442
-6498
-8808
-8460
-9764
-2996
-1774
-5302
-7952
211
-2065
-6479
5368
6507
970
1922
-1749
-9675
-8240
2430
9432
-8516
-4484
-9150
-3404
-2216
-8496
3703
5547
-1549
-6233
4346
-8895
-6961
3332
3110
-1233
817
8998
-614
683
-3409
7842
-956
3236
4780
-6517
2141
-2676
9085
2601
-2090
4669
-8209
2280
-564
5719
-5275
-7305
3624
1318
3859
-8606
-2046
4260
-5647
1588
7108
219
-4385
-2124
-2415
4539
9781
-2924
9865
-9430
-4992
-6363
704
-1895
5160
3402
8398
-7880
9154
-3929
-5845
-3667
-4053
-785
-4440
8203
6110
3015
-6367
-3507
7274
7912
-4315
9769
-6756
8858
-5266
-2027
6952
-6782
812
-5162
131
-9538
-2027
6735
-9021
-9453
5727
-2549
6503
-6818
3031
-4135
-8099
6822
9028
2467
-4015
5318
7159
758
4018
-9211
-2254
1008
-653
-9878
-3141
5468
8222
9767
5098
-9398
5331
4091
4961
-835
5261
-2535
8075
8250
-3755
2095
-2455
-1121
-4555
5079
-4749
737
7320
-6210
8499
-7309
-4127
9437
841
-24
-2726
-4003
-9728
-6049
-857
9240
4271
-8570
8532
1902
-8737
1659
-8557
-5671
7990
-8688
4146
35
-1916
-6353
-555
-9180
8200
-8991
3261
-7913
4946
5250
3030
-3943
7366
-1110
4502
-1028
5355
3593
530
5475
-3388
6578
3337
5775
719
69
-3149
2462
-3698
305
-9156
6262
8223
6061
5980
5733
-5936
8931
2980
7945
-165
-8095
5218
5825
-372
4494
-547
-611
-9361
6853
-6277
4193
7295
-5048
8781
5550
2758
-3292
-2521
3943
-5523
-3757
8110
-1806
7804
-8713
-43
-4262
-6467
1350
-62
-6385
4470
-9162
6346
310
5167
-6305
2816
-9800
-5166
2810
2325
-2093
-7956
-5098
3776
7591
4388
-8049
-2557
78
-9826
7138
7181
-5768
-1347
1646
-6695
-665
-5204
-7152
6046
7800
-9754
-1629
-3963
-2349
-9850
3045
5641
-8070
-3658
-8260
-5036
9418
8535
-1554
8512
-6308
3995
-539
4339
-2367
-8621
1114
5476
-2889
264
-5049
3845
-767
-321
-1545
681
-5776
5638
-9703
7500
-7292
-5022
606
5173
8870
-9948
-2753
8431
-9067
-1879
7969
-4720
-7441
4398
-5700
2008
-5561
4453
2708
7824
6971
-3666
198
-6883
-4957
8250
-7237
-4660
-4889
-8588
5451
1442
112
5846
962
9007
730
8817
3624
-1465
1881
-6359
-1079
-3329
4609
8847
1618
-3852
-370
1033
-8078
2719
-7342
3207
-4995
5878
-4034
8923
5937
9926
6254
1302
507
-4462
-3408
8708
5769
4103
4811
-3988
7368
5933
1889
-6245
-9539
1196
-3441
2166
3353
9740
-7658
-4323
-50
-6713
-1511
9529
-8741
-5361
-9535
-7258
1813
5709
-987
-5956
9270
3325
7498
-8024
-6983
2625
-858
375
-7881
-9815
-870
2800
-2499
6835
7478
-1122
-1108
217
6671
3881
-7509
-7894
5324
-3947
1729
4709
2076
1845
-5600
4293
4809
7463
-521
-8557
8370
-6434
8782
5337
929
-1743
2968
-2507
2093
-5203
6937
7702
2650
-2145
-7087
4411
-682
7296
-8552
7586
-1246
-203
1016
-5289
-3375
7581
792
7689
-7050
-2679
1032
-7063
-6312
-6338
9262
-1793
1773
-3176
-8471
-9535
-2839
-6894
-4694
-9735
-8892
1516
4702
5771
7066
-5824
-1096
1175
4912
-59
-577
9732
-4211
1168
-327
-1961
-9386
-5040
8174
5331
-6246
646
2634
-5486
-399
-3010
6586
2915
1198
-8541
-5420
-8394
-6238
3636
-637
-4460
-5266
-4053
-8904
-8165
5336
2699
1170
5861
-5305
-2080
-277
-806
5425
7656
-1741
5125
-8116
9392
5372
-8403
-4549
-3602
-2420
-1728
4964
611
1914
8187
-4344
-3217
-4236
-531
-1807
4063
-8839
-3201
570
-1751
7877
6118
1448
7717
3692
9202
-9745
9113
8381
-2578
2363
-1775
-8008
1973
840
2332
-6281
-3227
-8494
-1009
1855
-5565
2775
-5825
4263
6721
103
-3721
-3639
5330
-3902
-5049
1519
7413
5944
-824
-9923
2708
-3943
710
-7620
-7078
-3481
-7538
718
7409
-4221
-4677
-8701
-8811
-7636
-5189
-356
-9189
8889
-84
-4703
5399
5692
9952
3043
-3774
-2510
-2010
-6230
-3749
9787
8433
2481
73
4210
7159
2990
9733
-3684
7296
-5914
-8969
2274
-6628
-9139
976
3241
-6151
-7968
3947
-1430
3568
-7747
999
1481
22
-4997
7193
532
4993
-9863
1980
4745
2244
5007
3085
-3948
-8228
8740
8274
-4510
-7520
4977
6825
-4234
-8177
2549
6220
-1730
1357
6511
-4785
3993
-1047
-7921
-476
-7981
1380
-339
17
3239
2493
7148
2042
-5362
-9939
5774
-353
-4452
9604
-3640
-9024
2421
-8319
-5516
-6126
-6046
6968
1888
2426
-7505
-2133
-7470
-2903
-7574
-5337
9288
1187
296
-6253
-9931
8050
-1684
-1616
6765
-9834
-4036
9771
-6771
697
-8498
-8513
-9828
5126
4641
1877
4312
3808
-4601
-9356
-372
7950
-5546
-984
-5144
-7129
-7567
4090
-9719
5986
2140
-722
745
9636
7942
5172
9817
5481
2173
-8428
5888
6993
-9639
4004
-1601
9199
-7375
-3742
-2231
-2848
2302
5138
7225
-4219
-7799
798
-6199
7113
6710
-740
-4100
9380
-1996
7609
-1581
-9106
9444
7974
-3679
5486
686
9545
2630
4777
1413
-5807
1784
9632
9143
-3181
7267
-413
227
7561
-2737
6056
4177
7810
-1659
2894
1123
-8101
4229
-9710
-1062
9330
6360
4350
-6169
-9720
-5169
5162
-8953
4939
6892
3351
-6908
9292
346
-7930
2163
8037
-9636
-8223
6191
6816
2261
4172
-8714
-530
-7675
-713
8710
-3771
3774
-1985
7658
-322
8079
6538
-972
-337
-4656
7920
5749
-8201
9969
3985
-4377
820
3015
5464
5587
-591
-1440
8091
6527
-1390
9576
-3165
9164
678
1252
9433
-3875
3953
-4502
3101
1012
2325
2037
-3317
5864
-9395
-4444
5722
-5771
-5167
-9944
2774
6462
-8583
-963
-7840
-335
-562
6676
1773
-9421
-351
-4798
-1061
4439
2360
1670
292
-5464
4086
7076
-206
8128
-2297
8088
625
-7011
2770
-8888
-4857
8740
-5114
-8646
-295
9187
6878
-1502
858
5393
-9680
5363
-1454
-1052
-2941
1898
-7544
1428
-2888
-732
9617
5418
3125
530
3722
-701
-8830
3630
3915
-9861
-3314
4024
-4023
6228
-8613
3242
-4638
-2838
-2089
-4493
8019
-2919
-2367
-7045
-191
-812
-9361
4595
4488
-8010
2725
-6940
8709
-432
-4489
-3340
-7775
9025
-1116
-6053
361
3020
3145
2661
1872
-8048
9410
2716
-5477
-7586
3670
2837
5726
-3623
-2551
-5691
-8841
-9564
2061
-9467
3537
-2222
-2155
-9029
-5517
-2367
-6339
-4330
1656
1835
6744
7701
9924
-9227
9231
4142
-773
-1401
7722
158
9284
-1433
-9874
-2880
-2759
-1450
4521
-3774
3526
5477
1940
9144
-4568
4965
7169
1549
-697
5506
9290
-4645
8521
-6604
8435
7691
4259
56
7045
-4283
2151
2239
6440
-8285
811
9841
-6857
-3110
-7834
5388
5847
5462
-2762
-6938
9873
-1538
-4168
-3522
3952
3702
6017
-7056
-3592
-961
7421
8183
-946
-1404
-5243
-6063
6123
6347
-561
-5588
3693
-4140
-8436
-5016
-8039
6953
1115
-6081
-1817
-6096
5199
8353
-209
-4820
-9222
-8082
-2252
-7744
-1734
8978
-9630
-8660
-2562
-7570
3878
-5301
-8101
-4381
-7990
5015
2188
267
5347
2863
-9155
3997
5672
-9397
3739
1301
-2256
-1712
-3861
5149
4719
-7039
-9897
-6220
5140
